228.4698029 58.4056968689
229.2887421 29.4777450562
230.2322693 47.4201965332
235.2853851 37.1927871704
239.2806702 17.3675727844
240.1187439 45.4418334961
242.2156372 241.3001403809
243.3148804 20.4498062134
245.1960602 31.5607147217
247.294754 54.6755828857
250.3796844 16.4065990448
252.1931458 41.5215492249
253.1700134 38.2828102112
254.2678223 33.5672645569
257.2518921 174.5458831787
258.1749573 277.2223815918
259.2345276 54.8277015686
261.2713318 34.1326522827
263.1307068 74.7221755981
267.1768494 38.6190948486
268.4902649 85.8232269287
271.3073425 57.2131538391
272.2153625 123.7947692871
273.2796021 541.8438110352
275.3170776 361.3421630859
276.2526245 451.4447937012
277.2218323 190.6020965576
280.2146301 714.6878051758
281.3390503 96.9846954346
282.2854919 216.0252532959
283.1843262 72.2174987793
286.3384399 131.8464050293
288.217804 96.6111297607
290.1487122 261.9456787109
294.1947632 195.6512298584
295.1932983 17.6367454529
297.152832 92.3661193848
298.3270874 293.7714233398
299.3778687 525.2903442383
300.5665588 26.6759681702
301.2554626 38.8603134155
302.1603394 14.9845466614
303.5572205 29.5336494446
304.4541016 39.3029060364
305.3233643 51.1823043823
308.169281 42.4325370789
310.1462097 42.7230415344
311.1781616 422.3995666504
312.3972168 85.8883209229
313.4392395 406.2210998535
314.6199646 101.0219650269
315.3014526 51.9701843262
315.920929 58.9584197998
317.3457336 64.8497009277
318.2721252 1244.083984375
319.3742065 509.8141174316
320.2832947 30.983757019
322.3175049 115.1735839844
323.2981567 29.5386104584
324.3105774 159.6680297852
325.2739868 30.1139736176
327.3916931 131.8688049316
328.2868958 151.9560546875
329.473938 38.7236251831
330.2952881 224.9789123535
331.359314 146.6977539063
333.3999329 151.4889526367
334.2037354 66.9533996582
335.3074646 550.9154052734
336.2764282 177.2592163086
340.7069702 125.8065719604
341.4059143 88.6028594971
342.393158 91.1691055298
343.2615356 58.6970672607
344.2208862 68.6660766602
346.5896912 122.6174468994
347.2853699 161.5967559814
348.3730164 23.8974494934
349.2927246 79.3967819214
351.4508362 157.6408843994
353.3374023 163.5570831299
354.3707275 38.4010658264
355.2193604 81.0056762695
356.2167053 73.7562026978
357.2114868 16.5409793854
358.3999634 165.1018676758
359.443573 56.4699707031
360.3762207 47.3721046448
361.2770081 548.1241455078
362.5527039 61.1054344177
365.2719727 152.5720062256
366.2800903 138.7607879639
367.2867432 70.5269546509
368.578186 95.4767150879
369.3867493 393.9419555664
370.3372803 509.536895752
371.3728027 113.386138916
372.6692505 130.1819458008
373.2805176 195.4245605469
375.4703979 150.6370697021
376.3637085 45.3510360718
377.3521729 80.5415420532
379.299469 174.7517700195
381.3530884 282.9067687988
382.4179993 129.0255737305
383.3626709 130.3545532227
384.2732544 103.7464981079
385.3951721 203.790802002
386.420105 35.9491462708
387.308075 656.038269043
388.4229736 285.175567627
389.3034363 232.907409668
390.210022 54.6075668335
391.2927856 130.769317627
393.3914795 643.3061523438
394.4974365 51.4232063293
395.4773254 24.4248638153
396.3502197 302.681060791
397.3665771 1097.8513183594
398.2147217 485.4144897461
399.3361206 174.0443115234
401.3517456 537.9214477539
402.2862549 202.5655822754
403.347168 41.3395347595
404.2383423 202.8490753174
405.3344116 41.2255249023
406.3480835 203.4646911621
407.3053589 97.4253311157
408.3924866 36.5928764343
409.4318848 89.0740509033
410.3443298 100.0765762329
411.4555969 588.7509765625
412.3963318 355.5877990723
413.2741699 135.7897491455
414.3448486 46.7993965149
415.4868774 85.7226791382
417.2132568 31.7927742004
418.309082 420.3872680664
419.3291016 340.760925293
420.4028015 38.6873626709
421.3560181 28.7907409668
422.3385925 3525.337890625
423.3193359 1269.7701416016
424.4439087 380.5996704102
425.3167725 315.1065979004
426.3688965 104.7928466797
427.359314 463.7893981934
428.4128418 874.4428710938
429.2867126 320.6163024902
430.3682556 292.1206665039
431.4135742 91.4982376099
432.3896484 150.4295349121
434.3307495 107.3957977295
435.4007568 36.5872001648
436.3170166 176.0018920898
438.5180664 133.1374664307
439.3625793 54.6777153015
440.3456421 252.7363891602
441.3664856 467.7100524902
442.4514771 15.1414022446
443.2455444 48.688243866
444.4227905 180.9977416992
445.1854248 92.3883285522
446.2084351 1845.0036621094
447.192627 360.8302001953
448.3085632 66.2799301147
449.1818237 54.7809295654
450.2653503 16.2547054291
451.2976074 98.6116867065
452.5515137 34.9984016418
453.3528442 94.0835876465
454.7949219 482.7128295898
455.6021118 7.7127184868
456.396637 214.9058685303
458.3271179 178.3275146484
459.2614136 102.6605911255
460.3153076 141.6541442871
461.7182007 184.2722930908
462.5447693 44.2498207092
463.3267822 49.4783172607
464.790863 292.7253417969
465.5735168 55.3868751526
466.3721619 318.2308349609
467.3871765 106.4425888062
468.3448181 100.4962158203
469.3907776 150.1836242676
470.2284851 74.7638626099
471.3816223 292.7971496582
472.3011475 782.4360351563
473.3045349 462.0541687012
474.2852173 221.5631408691
475.1996155 382.2174987793
477.1471558 145.8243103027
480.4533081 218.8132476807
482.3150635 965.4263916016
483.3374329 256.866607666
484.5490417 357.6452636719
485.3482056 322.126953125
486.9569702 257.5075073242
489.2500305 792.4117431641
490.0514832 160.2743377686
491.4847107 246.526763916
492.2735291 359.4106750488
493.270813 335.5705871582
494.2854614 61.3158569336
495.3755188 267.7558288574
496.2473145 45.8428230286
497.293335 37.2710876465
498.2379456 725.7098999023
499.3541565 704.7230224609
500.2630005 1118.4014892578
501.3372803 676.5479736328
502.3667908 185.6233062744
503.2226868 70.5991439819
504.5232544 69.1725006104
505.4620361 127.1593093872
506.2004089 96.0636444092
508.2666931 53.1556587219
509.3951416 103.6183166504
510.3348389 1387.2062988281
511.5210266 295.2041625977
512.4050293 468.8374633789
513.5429688 166.9601593018
514.3967285 176.5453491211
515.2102051 615.2311401367
517.1946411 3036.3093261719
518.2260132 1273.3804931641
519.2838135 327.5919189453
520.2446289 113.2414398193
521.3336182 199.2696533203
522.3443604 106.8951644897
523.3104858 643.6400146484
524.401123 648.0626831055
525.3679199 197.294128418
526.2822876 126.3412322998
527.4558716 208.6870269775
528.1903076 58.0343322754
529.4746704 59.0619354248
530.3380127 103.0752410889
531.40979 243.4224090576
532.4262085 431.6166992188
533.1766357 21.5968093872
534.456543 191.2031555176
535.4615479 216.5746459961
536.388916 361.1558837891
537.236084 7077.80859375
538.2746582 1625.8017578125
539.2179565 141.9706878662
540.2683716 880.5041503906
541.3693848 97.9171066284
542.2965088 451.8745422363
543.4257813 233.2605133057
544.2943115 69.6465072632
545.3693848 405.1792297363
547.3654175 56.3363265991
549.3435059 152.7292327881
552.4540405 132.3196868896
553.3384399 266.6190795898
554.423584 299.3383789063
555.2103271 105.7387466431
556.9957275 82.1569824219
557.6625366 132.116027832
558.3769531 202.1647491455
559.3336182 283.2826538086
560.3674316 138.4895324707
561.2840576 66.9466400146
562.3087769 154.5891571045
563.3126221 163.9197998047
564.312561 238.1960449219
565.0639038 170.9128417969
566.3752441 88.8633499146
567.3743286 108.5479888916
569.362915 334.1713867188
571.2874756 474.8056335449
572.3873291 224.6613769531
573.5944824 50.1767272949
574.3695068 239.0392150879
575.2437134 244.6219482422
576.3178711 145.2017822266
577.491272 28.1110401154
578.3996582 78.2228088379
579.3513794 368.8690795898
581.1765137 560.4672851563
582.1258545 278.8167419434
583.2176514 168.1405334473
584.3103638 449.0463256836
585.2489014 159.6430358887
586.5262451 194.3830566406
587.3790283 775.9270629883
588.3861084 447.2518920898
589.3536377 254.0765838623
590.2913818 223.5257415771
591.3832397 31.7350521088
593.3328247 551.5301513672
594.3349609 113.8160095215
595.2651367 385.8204040527
596.3438721 129.3020477295
597.4250488 1111.0583496094
598.3636475 544.2287597656
599.6453857 194.7745513916
600.4162598 350.6390075684
602.4957275 277.8642883301
603.3961182 218.1666412354
604.3457642 79.2579421997
605.6964111 116.3690032959
606.3405762 200.1929473877
607.3307495 16.6037406921
608.1429443 119.2828903198
609.4038086 123.2947387695
611.2503662 597.1293334961
612.3914795 436.1177978516
613.3428955 385.0537109375
614.5228882 273.9136657715
615.2546387 22.231924057
616.4508057 179.700302124
617.428833 562.7896728516
618.9473877 158.3687744141
620.2729492 407.6256103516
621.4978027 663.6526489258
622.2768555 547.5271606445
622.9407959 371.3808288574
624.1202393 305.5263366699
625.3109131 217.668838501
627.3735352 748.1228027344
628.3345337 3068.5629882813
629.3481445 1011.1084594727
630.670105 2252.0261230469
631.4851074 3740.9416503906
632.4909668 86.4738769531
633.2908936 179.7020721436
634.3752441 89.6154785156
635.3338623 308.6131286621
636.3693237 218.1133270264
638.322876 8727.4306640625
639.5189209 5090.859375
640.3538818 2022.0324707031
641.4242554 440.9660644531
642.3550415 79.9215393066
643.5378418 69.371307373
644.5789795 160.0864562988
645.3183594 2896.9809570313
646.3378906 1561.7712402344
647.4018555 517.2622070313
648.47229 514.5693359375
649.3752441 402.7073669434
650.5150146 479.3359375
651.6854858 352.7207641602
652.4169922 122.9511260986
653.4104004 840.0061035156
654.3491211 294.632019043
656.3687744 224.6733551025
657.5203857 182.8375549316
658.4248047 519.5375976563
659.5238037 151.5004882813
660.1386719 19.5867385864
661.1660156 95.9339370728
662.6329346 187.1523742676
663.3100586 68.8036727905
664.442749 38.6149253845
666.2446899 1230.4548339844
667.298645 1039.6214599609
668.4290771 719.1510620117
669.4736328 327.8939208984
670.5141602 685.2762451172
671.4661255 283.3598937988
672.348877 291.2372436523
673.4200439 185.820098877
675.4263306 634.2736206055
676.2832031 120.6399917603
677.1530762 155.1790313721
678.7268066 220.3279418945
679.5008545 58.1762199402
680.3081665 183.6086120605
681.4904785 97.4945907593
682.5957031 231.9080810547
684.3234863 1077.9997558594
685.2659912 673.8448486328
686.2098389 570.3240966797
687.8357544 1300.1384277344
688.8842163 294.3804321289
690.253418 341.9825439453
691.291626 56.8330307007
692.6155396 581.674621582
693.5079956 225.7690887451
694.4797363 98.7568893433
695.4416504 355.2319641113
696.5897217 3660.2241210938
697.357666 599.1493530273
698.2993164 304.4279785156
699.4329224 532.1475219727
700.2070313 297.8249816895
701.3834229 898.7549438477
702.4367676 302.4998779297
703.6088867 1523.5981445313
704.4467163 53.2210960388
705.2036133 46.1711578369
706.7856445 78.4856872559
707.428772 45.8280715942
708.545166 250.0421600342
709.6362305 41.843296051
710.5294189 1062.6828613281
711.4927979 405.9133605957
712.5367432 985.7890625
713.5647583 744.8325195313
714.5701294 213.7897491455
715.4746094 13.8928728104
717.5367432 372.5064697266
718.6524658 212.6985931396
720.4133301 152.3834228516
721.3876953 900.8762817383
722.3326416 739.545715332
723.307373 737.3751220703
724.5552979 525.789855957
725.5872803 457.8569641113
726.2818604 504.0869750977
727.4483643 1500.5325927734
728.3847656 293.5268554688
729.4385986 1164.4499511719
730.4916992 1790.9384765625
731.3918457 884.2744140625
733.1403809 393.9467163086
734.2591553 588.0231933594
735.2476807 238.2001190186
736.4403076 868.4383544922
737.5212402 963.1534423828
738.4755859 511.7094421387
739.3961182 24502.857421875
740.3580322 11752.0751953125
741.4957275 6703.3203125
742.5587158 2544.0056152344
743.6682129 579.1320800781
744.3911133 797.7711791992
745.3918457 920.4227294922
746.4418945 807.7256469727
747.5750732 522.5518798828
748.6500244 381.6469726563
749.2523193 668.6466064453
750.3691406 292.9087524414
751.4365234 83.1142730713
752.5452881 181.8044433594
753.7445068 248.8171539307
754.4719238 754.8223876953
755.5128174 4270.1552734375
756.4552002 330.2028503418
757.1016846 46.0022544861
758.4001465 7300.5903320313
759.453125 2803.271484375
760.4133301 729.2026367188
761.7261963 60.2869262695
762.9915771 960.2749023438
763.623291 633.5557861328
764.2888184 793.4979248047
766.4849854 105.9895324707
767.5283203 435.2488708496
768.7479248 678.4141845703
769.4692383 298.1124572754
770.4979248 591.6663208008
771.4025879 674.5634765625
772.0760498 206.7977142334
773.4619141 385.6108703613
776.2695313 1275.2791748047
777.1890869 795.6241455078
778.5593262 147.8612823486
780.543457 9402.0234375
781.4682617 6447.46484375
782.4859619 1056.5875244141
783.7236328 475.2170715332
785.3319092 238.8870239258
786.4136963 279.4833068848
787.8376465 698.9083862305
789.2553711 3527.1206054688
789.9852295 2127.4406738281
790.7784424 31.7592983246
803.6429443 257.0454101563
805.7805176 260.3912963867
806.9484863 85.5167922974
808.5760498 104.0505905151
811.4727783 74.061706543
812.5466309 832.2884521484
813.6125488 760.5733032227
814.4904785 542.6968994141
815.5175781 269.6408081055
817.6894531 58.7050247192
818.3740234 26.8062896729
819.7111816 159.768951416
820.4172363 313.7384033203
821.5231934 521.3143920898
822.7186279 235.5053253174
823.5616455 398.4696655273
824.520874 146.5099029541
825.9832764 218.8163909912
828.5146484 100.1582946777
829.5878906 790.772644043
830.4910889 976.4239501953
831.5068359 188.0136871338
832.6439209 69.6526107788
833.467041 145.1036987305
835.4981689 80.5182266235
837.3878174 131.1504974365
838.4403076 14970.3583984375
839.4508057 6865.30859375
840.4393311 3871.6997070313
841.3868408 1659.1750488281
842.4296875 272.1676025391
843.8139648 60.7892494202
845.4023438 182.8321380615
846.4304199 107.7897872925
847.5026855 193.4061126709
848.4997559 325.860168457
849.5708008 53.8656005859
852.4942627 164.3703460693
853.6279297 66.5146408081
855.5714111 63.0994796753
856.8791504 1123.8813476563
857.5426025 13000.404296875
858.5235596 5159.7763671875
859.5148926 983.6926879883
860.4429932 213.1091156006
861.7420654 299.5507507324
863.3353271 28.2146472931
864.5366211 78.7728500366
865.6586914 82.6860351563
866.5527344 314.3221130371
867.5445557 264.4666442871
869.5135498 138.597869873
871.6539307 84.5384368896
872.6362305 9.9141864777
874.5067139 228.0258636475
878.1798096 225.9711914063
880.7281494 302.7456359863
883.4300537 69.4053115845
885.5596924 86.2129592896
889.3706055 104.3942260742
891.6462402 115.0122680664
892.5046387 85.5573043823
893.2924805 173.2658691406
894.4066162 322.9920959473
895.4482422 310.6531677246
896.494873 177.9494476318
897.2393799 49.8420524597
898.6221924 157.8852233887
901.4766846 20.5798091888
902.9910889 237.4718322754
904.5612793 163.6293334961
906.2558594 48.2672157288
907.6047363 144.9046478271
908.487915 46.641494751
911.4561768 3822.16796875
912.4863281 3424.8803710938
913.4802246 778.9196777344
914.4569092 789.5439453125
915.5927734 231.4823150635
916.4613037 116.592086792
917.605957 217.785949707
918.8995361 284.9016418457
919.8344727 282.4130249023
921.5736084 29.6343917847
922.7341309 131.2655487061
923.4752197 274.0532836914
924.62146 141.1292572021
925.654541 559.0076904297
926.6275635 363.0362854004
927.6210938 479.0219116211
928.5074463 687.1312866211
929.6411133 98.3365859985
930.5681152 480.5010070801
931.689209 146.3665771484
932.8498535 132.4567565918
933.6070557 316.9427490234
934.5755615 359.9209594727
940.5847168 1705.4367675781
941.5445557 1004.0848388672
942.9245605 608.5972900391
943.7109375 143.4378662109
944.819458 94.0296936035
945.913208 212.6300964355
946.5640869 37.96692276
948.6733398 145.3129882813
951.5317383 10507.474609375
952.4818115 5332.5405273438
953.5771484 1756.8363037109
954.5045166 275.8364868164
955.6586914 241.3214416504
956.5965576 124.9562301636
957.4825439 153.0859985352
958.5864258 2757.6662597656
959.5224609 1737.4597167969
960.5917969 883.5470581055
961.5218506 150.9507446289
962.4812012 255.7337188721
963.5622559 80.3633575439
964.883667 71.1276702881
965.5874023 46.9050712585
966.364502 48.1010971069
968.1791992 257.379119873
968.9260254 98.1744995117
970.4813232 288.9587402344
972.652832 51.7326660156
973.7020264 118.314781189
974.5714111 69.2906951904
976.4483643 97.6703186035
977.7191162 21.5003376007
978.5527344 77.0697784424
980.4580078 114.1391601563
981.5212402 139.0444030762
982.4632568 107.2987670898
983.8522949 526.8951416016
986.5786133 72.9368133545
987.5373535 184.752746582
989.4556885 39.5418968201
990.954834 238.062286377
991.6174316 234.6132202148
992.3829346 98.786857605
993.6148682 29.1837501526
994.6087646 331.6679077148
997.2427979 193.9574279785
998.5634766 1430.5452880859
999.4748535 1976.5679931641
1000.573853 1082.5095214844
1001.61377 35.9828224182
1002.59021 101.1366119385
1003.62207 166.5771484375
1004.528687 271.0435180664
1005.740601 119.8284072876
1006.770752 14.0495138168
1007.47644 212.2066192627
1008.595581 178.7303161621
1009.657837 222.00390625
1011.687256 100.5632781982
1014.526611 57.7116470337
1015.719727 337.5010070801
1016.648926 64.501663208
1017.322144 38.0362701416
1018.681396 15.6930980682
1020.786377 26.1656284332
1021.698608 93.0000610352
1022.827637 195.5108337402
1023.569336 443.3728637695
1024.612671 472.3556518555
1025.441895 266.4316711426
1026.758057 391.0220336914
1027.419312 113.9144592285
1030.578003 25.9885101318
1031.466064 21.8730754852
1032.47998 119.7468032837
1034.842651 110.911529541
1038.696289 85.1959152222
1039.768311 407.0655822754
1041.498291 2577.7746582031
1042.68396 1345.6802978516
1043.639893 408.7627258301
1045.679321 91.7185516357
1046.356567 121.2708282471
1048.755493 201.1249847412
1049.593506 332.5693664551
1050.44812 187.8782806396
1051.587769 25.9577827454
1052.481201 63.1336555481
1053.361694 52.9922218323
1054.437134 209.1055908203
1055.061279 169.4071502686
1055.921265 136.6582489014
1058.426147 65.5360336304
1059.587402 1314.6287841797
1060.593384 1095.9520263672
1061.494141 635.4486083984
1062.520752 2552.6987304688
1063.654175 1193.5428466797
1064.662109 413.411529541
1066.234863 84.4976654053
1067.452393 101.1835250854
1068.752563 163.9370269775
1069.416992 128.4934387207
1070.5802 73.8603591919
1071.607788 56.8389701843
1074.701172 70.5424880981
1075.468262 58.3039016724
1076.57605 19.2090587616
1077.664307 169.5990600586
1078.89624 634.0623779297
1079.564941 8373.9697265625
1080.568604 6368.4272460938
1081.608887 1815.2515869141
1082.434326 257.1834716797
1084.440674 160.163848877
1085.482666 4294.0395507813
1086.605103 4563.5405273438
1087.625977 1351.4907226563
1088.57959 966.3213500977
1089.927002 209.1259307861
1090.8125 220.2389373779
1091.910156 263.8626403809
1093.486938 26.983921051
1095.643311 264.253326416
1096.851929 466.9679260254
1097.606934 201.2754974365
1098.442749 55.3619613647
1102.399902 37.0995826721
1103.545532 75.1981048584
1104.52063 98.3335876465
1106.669312 164.5531311035
1109.392578 60.6572647095
1110.209229 40.5119552612
1111.804932 163.9436645508
1113.76123 216.6608734131
1114.786621 321.0054931641
1115.543823 411.2468566895
1116.69812 196.831451416
1118.823608 253.5835723877
1121.474609 132.3058013916
1122.769775 24.6904029846
1125.556885 29.4787101746
1128.656128 13.874879837
1129.750854 21.9387168884
1130.578369 112.2545318604
1131.415894 53.9688682556
1132.594238 525.6033935547
1133.754639 472.4754638672
1134.804077 119.4013442993
1135.704956 154.6902313232
1136.629028 81.1935043335
1137.785889 529.1494750977
1138.743896 290.8894042969
1139.667358 138.4393920898
1140.601318 143.1678466797
1141.970581 89.5609283447
1145.029053 34.8736572266
1146.575195 78.0411911011
1148.539307 58.2602005005
1150.619141 11224.412109375
1151.593506 4894.9833984375
1152.784546 1875.1234130859
1153.694946 258.6419067383
1154.589478 169.7260894775
1156.740112 476.8812866211
1157.603638 479.2484130859
1158.553467 64.0214080811
1159.530396 96.7099533081
1160.721558 57.5710830688
1162.133911 56.7178573608
1163.788696 103.6713562012
1165.473022 73.5211334229
1166.416748 218.9530029297
1167.637939 249.7580413818
1169.49292 89.7455062866
1170.193604 53.4638214111
1171.545654 52.2919998169
1172.576172 117.6428527832
1174.614624 2342.7385253906
1175.616333 2302.6833496094
1176.566284 1115.08984375
1177.638306 48.6225204468
1178.629639 52.3450012207
1182.618774 61.4018173218
1183.685059 167.9473266602
1184.618164 2737.4462890625
1185.673218 2499.572265625
1186.542358 939.5013427734
1187.718872 285.076171875
1188.561768 23.5815544128
1191.730957 62.8009490967
1195.478516 50.2459793091
1197.622192 13.3421030045
1199.636353 45.9338684082
1202.534058 15.3596096039
1204.480957 88.0095062256
1209.595215 124.1488342285
1210.641602 62.8002090454
1213.644531 71.6522445679
1214.709351 120.9478912354
1221.521362 27.9341907501
1222.63562 50.198299408
1224.887329 19.7727375031
1227.651978 40.6787109375
1229.697144 176.7570648193
1232.487549 55.6574554443
1237.512329 78.4759140015
1238.599121 23.4262275696
1243.621216 25.0015468597
1245.62561 226.1396331787
1247.567505 18.4231185913
1249.708862 58.566947937
1251.276367 30.0886859894
1252.631226 18.3912391663
1254.946045 156.8450927734
1256.53894 74.3062438965
1260.55603 102.7355499268
1261.596924 556.8021240234
1262.745239 522.6967773438
1263.699219 255.1520843506
1270.7146 140.8244781494
1274.464478 20.9168434143
1277.460449 19.5529060364
1278.767578 2467.6169433594
1279.682373 2332.9287109375
1280.648315 418.76171875
1281.867065 84.0180053711
1285.722656 150.4350891113
1290.757935 54.231590271
1291.55249 125.3897705078
1293.928955 133.4289855957
1294.839111 42.1142463684
1297.796997 317.5347900391
1298.814331 338.7757263184
1299.884521 123.9593582153
1303.831909 354.6492614746
1304.734375 195.7375030518
1305.73999 31.6980171204
1306.911133 362.2130126953
1308.707886 180.9414825439
1320.690308 23.3694839478
1321.705078 967.4011230469
1322.63855 694.8121337891
1323.890137 195.9533081055
1324.569336 92.9777297974
1325.197632 71.7301177979
1336.453735 135.6539306641
1337.550293 94.7464599609
1338.973267 84.4761810303
1340.674194 65.8645095825
1349.406494 31.6866531372
1350.710938 54.5360641479
1351.481445 52.4288482666
1354.633789 124.9560165405
1356.577881 108.9616012573
1366.862305 74.880569458
1368.945435 67.7890777588
1369.756714 208.698638916
1370.876343 20.8812427521
1371.686401 24.9641036987
1377.649048 94.189994812
1379.020386 48.8357772827
1384.712769 542.9458007813
1385.80249 637.3798217773
1386.815308 347.9221191406
1387.886353 172.4235534668
1392.822754 102.8731994629
1395.633423 71.0170211792
1396.732422 122.6768341064
1397.838379 86.7775650024
1402.849365 57.5263328552
1403.733276 115.4432220459
1404.870728 221.3082275391
1406.588013 77.0054092407
1413.177856 64.8507614136
1414.59729 70.7285308838
1415.891357 231.0021972656
1417.909546 29.3061733246
1420.664063 88.3260650635
1421.764282 575.9844360352
1423.017578 230.4847412109
1427.392456 62.8419265747
1428.032715 113.6188659668
1431.642578 735.5064697266
1432.9198 727.3838500977
1433.786621 100.0538635254
1435.437378 143.6646881104
1438.839844 39.8332633972
1439.686646 109.0267562866
1447.859863 52.6830558777
1449.639404 2621.5078125
1450.647461 3036.7111816406
1451.685791 749.0657958984
1452.415894 61.2394294739
1468.665283 160.0583953857
1482.882935 39.7223777771
